p =

  Columns 1 through 12

    0.9524    0.9609    0.9533    0.9704    0.9704    0.8388    0.9807    0.9699    0.8654    0.9309    0.9733    0.9764

  Columns 13 through 24

    0.8968    0.9725    0.9675    0.9618    0.9175    0.9699    0.9045    0.9766    0.9917    0.9452    0.9026    0.9801

  Columns 25 through 36

    0.9925    0.9927    0.9393    0.9282    0.9545    0.8980    0.9698    0.8592    0.9892    0.9373    0.9967    0.9475

  Columns 37 through 48

    0.9541    0.9204    0.9645    0.9807    0.9632    0.9864    0.9941    0.8897    0.9467    0.9782    0.9713    0.9342

  Columns 49 through 60

    0.9010    0.9268    0.9709    0.9922    0.9793    0.9809    0.9561    0.9372    0.9566    0.9574    0.9073    0.9609

  Columns 61 through 72

    0.9399    0.9946    0.8833    0.7632    0.9915    0.9521    0.9641    0.9850    0.9686    0.0002    0.0287    0.0021

  Columns 73 through 84

    0.0000    0.0001    0.0000    0.0014    0.0007    0.1939    0.0265    0.0005    0.4038    0.0001    0.0737    0.0587

  Columns 85 through 96

    0.0041    0.0108    0.0000    0.0001    0.0000    0.0026    0.0004    0.0040    0.0490    0.5778    0.0000    0.0001

  Columns 97 through 108

    0.0214    0.0028    0.0000    0.0000    0.0000    0.0000    0.0000    0.0000    0.0000    0.0000    0.0000    0.0000

  Columns 109 through 120

    0.0000    0.0000    0.0000    0.0000    0.0000    0.0000    0.0000    0.0000    0.0000    0.0000    0.0000    0.0000

  Columns 121 through 132

    0.0000    0.0000    0.0000    0.0000    0.0000    0.0000    0.0000    0.0000    0.0000    0.0000    0.0000    0.0000

  Columns 133 through 138

    0.0000    0.0000    0.0000    0.0000    0.0000    0.0000


g1E =

    0.2500    0.0072
    0.5000    0.0072
    1.0000    0.0072
    2.0000    0.0072
    5.0000    0.0072
